test_iter: 198
test_interval: 592
base_lr: 0.00999999977648
display: 40
max_iter: 35520
lr_policy: "exp"
gamma: 0.999855577946
momentum: 0.899999976158
weight_decay: 9.99999974738e-05
snapshot: 592
snapshot_prefix: "snapshot"
solver_mode: GPU
random_seed: 1741
net: "train_val.prototxt"
solver_type: SGD
